Product1_Forecast,Product1_Demand,Product2_Forecast,Product2_Demand,Product3_Forecast,Product3_Demand,Product4_Forecast,Product4_Demand
20.0,20.0,20.0,20.0,20.0,20.0,20.0,20.0
20.0,20.0,22.0,21.0,22.0,20.0,21.0,20.0
21.0,19.0,22.0,21.0,23.0,21.0,21.0,21.0
21.0,20.0,24.0,21.0,25.0,22.0,22.0,21.0
23.0,21.0,25.0,21.0,25.0,22.0,24.0,21.0
24.0,22.0,25.0,24.0,27.0,24.0,26.0,24.0
26.0,23.0,30.0,25.0,30.0,25.0,27.0,25.0
28.0,25.0,32.0,26.0,31.0,27.0,28.0,24.0
31.0,26.0,33.0,27.0,32.0,29.0,30.0,26.0
33.0,28.0,35.0,31.0,34.0,31.0,32.0,29.0
34.0,31.0,41.0,33.0,38.0,32.0,35.0,31.0
38.0,32.0,41.0,42.0,41.0,33.0,38.0,35.0
40.0,31.0,51.0,41.0,43.0,37.0,42.0,37.0
41.0,34.0,49.0,49.0,44.0,41.0,41.0,38.0
42.0,38.0,58.0,45.0,46.0,44.0,44.0,41.0
46.0,40.0,53.0,49.0,48.0,45.0,48.0,41.0
47.0,42.0,56.0,50.0,50.0,46.0,50.0,44.0
49.0,45.0,55.0,53.0,52.0,51.0,50.0,49.0
51.0,47.0,54.0,55.0,55.0,50.0,53.0,49.0
52.0,47.0,58.0,56.0,57.0,52.0,54.0,50.0
53.0,50.0,60.0,55.0,60.0,57.0,56.0,53.0
53.0,52.0,60.0,58.0,61.0,57.0,57.0,54.0
53.0,53.0,61.0,60.0,63.0,59.0,57.0,55.0
55.0,53.0,63.0,60.0,63.0,61.0,57.0,56.0
54.0,54.0,62.0,62.0,64.0,62.0,56.0,57.0
55.0,54.0,61.0,62.0,64.0,62.0,56.0,57.0
54.0,54.0,61.0,61.0,63.0,63.0,56.0,57.0
53.0,54.0,60.0,61.0,61.0,64.0,55.0,57.0
52.0,54.0,59.0,61.0,61.0,63.0,54.0,56.0
50.0,53.0,58.0,61.0,59.0,62.0,52.0,55.0
48.0,51.0,56.0,60.0,57.0,58.0,51.0,54.0
46.0,49.0,55.0,58.0,55.0,57.0,50.0,54.0
43.0,46.0,52.0,57.0,51.0,56.0,48.0,52.0
39.0,47.0,50.0,55.0,49.0,55.0,46.0,50.0
38.0,43.0,48.0,52.0,47.0,50.0,44.0,47.0
37.0,42.0,46.0,48.0,41.0,49.0,40.0,46.0
35.0,40.0,39.0,47.0,41.0,44.0,39.0,41.0
34.0,36.0,39.0,40.0,34.0,42.0,34.0,41.0
32.0,35.0,33.0,40.0,34.0,33.0,32.0,35.0
29.0,33.0,34.0,35.0,25.0,33.0,28.0,33.0
26.0,30.0,25.0,32.0,24.0,24.0,26.0,31.0
23.0,30.0,23.0,25.0,25.0,26.0,24.0,28.0
23.0,25.0,15.0,26.0,17.0,27.0,22.0,26.0
16.0,24.0,17.0,23.0,19.0,25.0,19.0,25.0
13.0,23.0,19.0,22.0,17.0,22.0,18.0,22.0
15.0,19.0,18.0,22.0,17.0,22.0,16.0,20.0
13.0,14.0,18.0,19.0,17.0,19.0,15.0,19.0
10.0,14.0,14.0,19.0,14.0,18.0,15.0,17.0
13.0,15.0,15.0,13.0,15.0,16.0,17.0,16.0
15.0,13.0,15.0,14.0,16.0,17.0,17.0,17.0
